0 6.396179765916182e-06
1 8.340972334056418e-06
2 6.396179765916182e-06
3 6.729794335268896e-06
4 7.678584136275749e-06
5 7.371949949940127e-06
6 6.396179765916182e-06
7 7.412582367547333e-06
8 7.345018230367941e-06
9 6.396179765916182e-06
10 6.396179765916182e-06
11 6.396179765916182e-06
12 9.418369690620485e-06
13 6.396179765916182e-06
14 6.396179765916182e-06
15 6.396179765916182e-06
16 6.396179765916182e-06
17 6.887209920067352e-06
18 6.396179765916182e-06
19 6.396179765916182e-06
20 6.900379056839599e-06
21 7.245032847877609e-06
22 6.396179765916182e-06
23 6.396179765916182e-06
24 6.744583344088871e-06
25 6.396179765916182e-06
26 6.396179765916182e-06
27 6.838746473324732e-06
28 6.396179765916182e-06
29 6.396179765916182e-06
30 6.396179765916182e-06
31 6.871660804205026e-06
32 6.396179765916182e-06
33 6.396179765916182e-06
34 9.305015531522059e-06
35 8.095397007284672e-06
36 7.271511199046989e-06
37 6.693130709464199e-06
38 9.782163421032004e-06
39 6.693130709464199e-06
40 6.396179765916182e-06
41 6.396179765916182e-06
42 6.743794610791638e-06
43 7.040745554339655e-06
44 9.07525334433907e-06
45 6.396179765916182e-06
46 6.396179765916182e-06
47 6.5443695231480055e-06
48 7.122750012730796e-06
49 6.396179765916182e-06
50 6.396179765916182e-06
51 6.396179765916182e-06
52 8.078375442238179e-06
53 6.396179765916182e-06
54 6.396179765916182e-06
55 7.059889872373576e-06
56 2.8786743058472854e-05
57 6.396179765916182e-06
58 7.419700956278813e-06
59 6.396179765916182e-06
60 6.5443695231480055e-06
61 6.5443695231480055e-06
62 8.399538587440173e-06
63 6.396179765916182e-06
64 7.34817802614366e-06
65 7.251290964173154e-06
66 6.396179765916182e-06
67 6.396179765916182e-06
68 6.396179765916182e-06
69 6.396179765916182e-06
70 6.396179765916182e-06
71 6.396179765916182e-06
72 6.432812804337025e-06
73 6.396179765916182e-06
74 6.396179765916182e-06
75 6.396179765916182e-06
76 6.396179765916182e-06
77 6.396179765916182e-06
78 6.4525987594765536e-06
79 9.244230799817922e-06
80 6.494218830323891e-06
81 6.396179765916182e-06
82 6.446027462032215e-06
83 1.0715628606532161e-05
84 6.396179765916182e-06
85 6.396179765916182e-06
86 6.396179765916182e-06
87 6.891132092769656e-06
88 7.397202142756464e-06
89 7.038176178811233e-06
90 6.396179765916182e-06
91 6.396179765916182e-06
92 6.396179765916182e-06
93 7.060601773129833e-06
94 6.396179765916182e-06
95 6.396179765916182e-06
96 6.396179765916182e-06
97 6.396179765916182e-06
98 7.95570054440346e-06
99 6.396179765916182e-06
100 8.601019553103953e-06
101 7.95570054440346e-06
102 6.396179765916182e-06
103 6.396179765916182e-06
104 6.628448818031309e-06
105 6.396179765916182e-06
106 7.174219068031366e-06
